11 19
5 13
2
1 1
1 2
1 1 170 1003 32
1 2 375 817 282
1 3 15 727 9
1 4 356 767 266
1 5 993 91 283
1 6 952 965 917
1 7 419 903 194
1 8 410 378 80
1 9 160 697 147
1 10 388 64 49
1 11 250 482 241
1 12 305 327 122
1 13 637 209 369
1 14 269 118 116
1 15 891 846 287
1 16 65 832 45
1 17 338 455 330
1 18 122 582 3
1 19 430 382 262
2 1 368 903 2
2 2 201 136 52
2 3 470 471 201
2 4 531 759 276
2 5 16 752 5
2 6 995 156 121
2 7 229 693 25
2 8 259 210 88
2 9 795 349 506
2 10 851 546 151
2 11 608 619 67
2 12 166 644 150
2 13 157 290 5
2 14 401 588 286
2 15 810 912 184
2 16 589 723 83
2 17 578 995 183
2 18 956 452 866
2 19 379 991 275
3 1 698 619 656
3 2 513 771 241
3 3 424 702 88
3 4 940 250 615
3 5 252 586 167
3 6 1001 254 264
3 7 817 936 711
3 8 51 31 51
3 9 216 551 107
3 10 482 114 201
3 11 918 118 537
3 12 432 206 412
3 13 164 322 51
3 14 726 402 667
3 15 418 122 207
3 16 537 481 449
3 17 686 471 45
3 18 713 498 101
3 19 374 876 333
4 1 91 102 47
4 2 277 980 268
4 3 238 282 173
4 4 276 709 88
4 5 817 145 436
4 6 646 716 351
4 7 699 981 264
4 8 968 289 330
4 9 361 270 356
4 10 554 348 371
4 11 279 674 273
4 12 616 293 460
4 13 60 974 59
4 14 462 310 239
4 15 154 278 40
4 16 398 735 213
4 17 541 200 97
4 18 132 275 128
4 19 701 119 411
5 1 643 93 66
5 2 685 18 639
5 3 144 366 137
5 4 27 572 4
5 5 127 391 26
5 6 630 528 98
5 7 862 5 595
5 8 647 924 172
5 9 982 1000 958
5 10 302 940 275
5 11 330 587 56
5 12 464 564 456
5 13 645 914 110
5 14 422 375 332
5 15 200 995 20
5 16 897 501 63
5 17 606 426 405
5 18 426 319 412
5 19 221 862 103
6 1 925 165 62
6 2 137 515 87
6 3 619 690 554
6 4 798 441 226
6 5 242 333 60
6 6 395 382 40
6 7 683 194 463
6 8 64 728 22
6 9 37 667 8
6 10 468 146 365
6 11 119 82 53
6 12 424 287 406
6 13 22 346 12
6 14 563 679 141
6 15 947 96 326
6 16 812 690 40
6 17 524 239 138
6 18 277 377 269
6 19 482 587 287
7 1 745 641 469
7 2 995 221 576
7 3 943 274 732
7 4 437 640 155
7 5 655 265 380
7 6 628 284 588
7 7 623 8 340
7 8 174 463 7
7 9 675 745 144
7 10 390 501 312
7 11 994 816 665
7 12 348 52 273
7 13 716 42 291
7 14 235 753 211
7 15 266 834 180
7 16 528 379 80
7 17 808 346 81
7 18 877 19 458
7 19 895 727 48
8 1 904 260 293
8 2 839 978 509
8 3 873 772 14
8 4 344 752 93
8 5 187 631 176
8 6 960 629 181
8 7 812 38 407
8 8 666 240 570
8 9 46 74 38
8 10 35 811 30
8 11 645 675 98
8 12 704 411 458
8 13 878 993 315
8 14 104 942 59
8 15 258 334 78
8 16 915 296 275
8 17 583 933 319
8 18 606 787 406
8 19 343 754 8
9 1 844 284 543
9 2 419 960 351
9 3 255 221 105
9 4 259 227 248
9 5 233 617 70
9 6 462 280 157
9 7 242 103 93
9 8 36 490 16
9 9 205 46 93
9 10 152 955 45
9 11 440 144 18
9 12 822 693 439
9 13 355 488 118
9 14 116 498 93
9 15 804 746 438
9 16 991 22 876
9 17 692 760 453
9 18 840 297 102
9 19 709 277 348
10 1 311 979 255
10 2 446 862 175
10 3 533 782 244
10 4 150 369 82
10 5 605 39 372
10 6 768 454 766
10 7 826 833 517
10 8 521 123 339
10 9 156 447 109
10 10 228 193 96
10 11 882 195 27
10 12 807 321 337
10 13 287 207 217
10 14 405 799 335
10 15 350 97 250
10 16 787 384 530
10 17 209 142 164
10 18 753 267 699
10 19 848 963 524
11 1 56 13 42
11 2 586 719 343
11 3 288 575 176
11 4 444 905 307
11 5 80 418 38
11 6 574 834 66
11 7 118 832 35
11 8 214 30 134
11 9 190 146 39
11 10 959 916 179
11 11 734 76 412
11 12 599 632 203
11 13 935 712 505
11 14 686 242 1
11 15 273 946 30
11 16 857 542 820
11 17 405 125 62
11 18 933 91 426
11 19 853 930 507